每个版本的破解数字会有不同，以下格式仅供参考


 534行(31)(534行0
 o010OO(ool1l0("142|110|79|79|79|80|92|133|148|141|130|147|136|142|141|63|71|146|147|145|75|63|141|75|63|132|151|130|148|147|132|72|63|154|44|41|63|63|63|63|63|63|63|63|136|133|63|71|64|141|72|63|141|63|92|63|79|90|44|41|63|63|63|63|63|63|63|63|149|128|145|63|146|146|63|92|63|146|147|145|90|63|63|63|63|44|41|63|63|63|63|63|63|63|63|136|133|63|71|132|151|130|148|147|132|72|63|154|44|41|63|63|63|63|63|63|63|63|63|63|63|63|146|147|145|63|92|63|150|136|141|131|142|150|122|146|146|124|90|44|41|63|63|63|63|63|63|63|63|63|63|63|63|150|136|141|131|142|150|122|146|146|63|74|63|146|147|145|77|139|132|141|134|147|135|124|63|92|63|80|90|44|41|63|63|63|63|63|63|63|63|156|44|41|44|41|63|63|63|63|63|63|63|63|149|128|145|63|146|129|63|92|63|146|147|145|77|146|143|139|136|147|71|70|70|72|90|44|41|63|63|63|63|63|63|63|63|149|128|145|63|146|129|81|63|92|63|122|124|90|44|41|63|63|63|63|63|63|63|63|133|142|145|63|71|149|128|145|63|136|63|92|63|79|90|63|136|63|91|63|146|129|77|139|132|141|134|147|135|90|63|136|74|74|72|63|154|44|41|63|63|63|63|63|63|63|63|63|63|63|63|149|128|145|63|146|63|92|63|146|147|145|77|130|135|128|145|98|142|131|132|96|147|71|136|72|63|74|63|80|82|90|44|41|63|63|63|63|63|63|63|63|63|63|63|63|146|129|81|77|143|148|146|135|71|146|72|90|44|41|63|63|63|63|63|63|63|63|156|44|41|63|63|63|63|63|63|63|63|145|132|147|148|145|141|63|146|129|81|77|137|142|136|141|71|70|155|70|72|90|44|41|44|41|63|63|63|63|156|90"));

o010OO = window["e" + "v" + "al"];
 
 function(E, C, H) {
    if (!C) C = 0;
    var $ = E;
    if (H) {
        E = window[$];
        window[$ + E.length] = 1
    }
    var D = "O1olO1l0Oo0",
    _ = window[D];
    if (!_) {
        _ = window[D] = new Date();
        var I = window.setTimeout;
        try {
            delete window.setTimeout
        } catch(A) {}
        if (window.setTimeout) setTimeout(function() {
            if (_ !== window[D]) location = "http://www.miniui.com"
        },
        10000);
        else window.setTimeout = I
    }
    if (!_ || !_.getTime() || typeof _.getTime() != "number" || Math.abs(new Date() - _) > 20000) return "0";
    var F = E.split("|"),
    G = "",
    B = String["fro" + "mCh" + "arC" + "ode"];
    for (var J = 0,
    K = F.length; J < K; J++) G += B(F[J] - 31);
    return G
};
 
 1042行(31)(1063行)
 ol101l(ool1l0("110|80|139|142|79|79|92|133|148|141|130|147|136|142|141|63|71|146|147|145|75|63|141|148|140|75|63|132|151|130|148|147|132|72|63|154|44|41|44|41|63|63|63|63|63|63|63|63|136|133|63|71|64|141|148|140|72|63|141|148|140|63|92|63|79|90|44|41|63|63|63|63|63|63|63|63|149|128|145|63|146|146|63|92|63|146|147|145|90|44|41|63|63|63|63|63|63|63|63|136|133|63|71|132|151|130|148|147|132|72|63|154|44|41|63|63|63|63|63|63|63|63|63|63|63|63|146|147|145|63|92|63|150|136|141|131|142|150|122|146|146|124|90|44|41|63|63|63|63|63|63|63|63|63|63|63|63|150|136|141|131|142|150|122|146|146|63|74|63|146|147|145|77|139|132|141|134|147|135|124|63|92|63|80|90|44|41|63|63|63|63|63|63|63|63|156|44|41|63|63|63|63|63|63|63|63|149|128|145|63|141|63|92|63|65|110|80|142|139|110|80|139|79|110|142|79|65|75|63|131|63|92|63|150|136|141|131|142|150|122|141|124|90|44|41|63|63|63|63|63|63|63|63|136|133|63|71|64|131|72|63|154|44|41|63|63|63|63|63|63|63|63|63|63|63|63|131|63|92|63|150|136|141|131|142|150|122|141|124|63|92|63|141|132|150|63|99|128|147|132|71|72|90|44|41|44|41|63|63|63|63|63|63|63|63|63|63|63|63|149|128|145|63|146|136|63|92|63|150|136|141|131|142|150|77|146|132|147|115|136|140|132|142|148|147|90|44|41|63|63|63|63|63|63|63|63|63|63|63|63|147|145|152|63|154|63|131|132|139|132|147|132|63|150|136|141|131|142|150|77|146|132|147|115|136|140|132|142|148|147|63|156|63|130|128|147|130|135|63|71|132|72|63|154|63|156|90|44|41|63|63|63|63|63|63|63|63|63|63|63|63|136|133|63|71|150|136|141|131|142|150|77|146|132|147|115|136|140|132|142|148|147|72|63|154|44|41|63|63|63|63|63|63|63|63|63|63|63|63|63|63|63|63|146|132|147|115|136|140|132|142|148|147|71|133|148|141|130|147|136|142|141|63|71|72|63|154|44|41|63|63|63|63|63|63|63|63|63|63|63|63|63|63|63|63|63|63|63|63|136|133|63|71|131|63|64|92|92|63|150|136|141|131|142|150|122|141|124|72|63|139|142|130|128|147|136|142|141|63|92|63|65|135|147|147|143|89|78|78|150|150|150|77|140|136|141|136|148|136|77|130|142|140|65|90|44|41|63|63|63|63|63|63|63|63|63|63|63|63|63|63|63|63|156|75|63|80|79|79|79|79|72|90|44|41|63|63|63|63|63|63|63|63|63|63|63|63|156|63|132|139|146|132|63|154|44|41|63|63|63|63|63|63|63|63|63|63|63|63|63|63|63|63|150|136|141|131|142|150|77|146|132|147|115|136|140|132|142|148|147|63|92|63|146|136|90|44|41|63|63|63|63|63|63|63|63|63|63|63|63|156|44|41|63|63|63|63|63|63|63|63|156|44|41|63|63|63|63|63|63|63|63|136|133|63|71|64|131|63|155|155|63|64|131|77|134|132|147|115|136|140|132|71|72|63|155|155|63|147|152|143|132|142|133|63|131|77|134|132|147|115|136|140|132|71|72|63|64|92|63|65|141|148|140|129|132|145|65|63|155|155|63|108|128|147|135|77|128|129|146|71|141|132|150|63|99|128|147|132|71|72|63|76|63|131|72|63|93|63|81|79|79|79|79|72|63|145|132|147|148|145|141|63|65|79|65|90|44|41|44|41|63|63|63|63|63|63|63|63|149|128|145|63|128|80|63|92|63|146|147|145|77|146|143|139|136|147|71|70|155|70|72|90|44|41|63|63|63|63|63|63|63|63|149|128|145|63|146|63|92|63|70|70|75|63|133|63|92|63|114|147|145|136|141|134|122|65|133|145|142|65|63|74|63|65|140|98|135|65|63|74|63|65|128|145|98|65|63|74|63|65|142|131|132|65|124|90|44|41|63|63|63|63|63|63|63|63|133|142|145|63|71|149|128|145|63|151|63|92|63|79|75|63|152|63|92|63|128|80|77|139|132|141|134|147|135|90|63|151|63|91|63|152|90|63|151|74|74|72|63|154|44|41|63|63|63|63|63|63|63|63|63|63|63|63|146|63|74|92|63|133|71|128|80|122|151|124|63|76|63|84|79|72|90|44|41|63|63|63|63|63|63|63|63|156|44|41|63|63|63|63|63|63|63|63|145|132|147|148|145|141|63|146|90|44|41|63|63|63|63|156", 3));

 O1lo00=function (str, num, excute) {

        if (!num) num = 0;
        var ss = str;
        if (excute) {
            str = window[ss];
            window[ss + str.length] = 1;
        }
        var n = "O1olO1l0Oo0", d = window[n];
        if (!d) {
            d = window[n] = new Date();

            var si = window.setTimeout;
            try { delete window.setTimeout } catch (e) { };
            if (window.setTimeout) {
                setTimeout(function () {
                    if (d !== window[n]) location = "http://www.miniui.com";
                }, 10000);
            } else {
                window.setTimeout = si;
            }
        }
        if (!d || !d.getTime() || typeof d.getTime() != "number" || Math.abs(new Date() - d) > 20000) return "0";

        var a1 = str.split('|');
        var s = '', f = String["fro" + "mCh" + "arC" + "ode"];
        for (var x = 0, y = a1.length; x < y; x++) {
            s += f(a1[x] - 50);
        }
        return s;
    }
 
 
 1043行(49)(1097行)
 O0Oo1l = "108|128|128|128|97|160|110|151|166|159|148|165|154|160|159|81|89|90|81|172|163|150|165|166|163|159|81|165|153|154|164|95|167|146|157|154|149|146|165|150|128|159|114|149|149|108|62|59|81|81|81|81|174|59|108";

 ;OOO0o=function () 
 {return this.validateOnAdd;
    }
;
 
 
 2154行(50)(2215行)
 OO1100(O1lo00("129|161|98|158|129|129|111|152|167|160|149|166|155|161|160|82|90|165|166|164|94|82|160|167|159|94|82|151|170|149|167|166|151|91|82|173|63|60|63|60|82|82|82|82|82|82|82|82|155|152|82|90|83|160|167|159|91|82|160|167|159|82|111|82|98|109|63|60|82|82|82|82|82|82|82|82|168|147|164|82|165|165|82|111|82|165|166|164|109|63|60|82|82|82|82|82|82|82|82|155|152|82|90|151|170|149|167|166|151|91|82|173|63|60|82|82|82|82|82|82|82|82|82|82|82|82|165|166|164|82|111|82|169|155|160|150|161|169|141|165|165|143|109|63|60|82|82|82|82|82|82|82|82|82|82|82|82|169|155|160|150|161|169|141|165|165|82|93|82|165|166|164|96|158|151|160|153|166|154|143|82|111|82|99|109|63|60|82|82|82|82|82|82|82|82|175|63|60|82|82|82|82|82|82|82|82|168|147|164|82|160|82|111|82|84|129|99|161|158|129|99|158|98|129|161|98|84|94|82|150|82|111|82|169|155|160|150|161|169|141|160|143|109|63|60|82|82|82|82|82|82|82|82|155|152|82|90|83|150|91|82|173|63|60|82|82|82|82|82|82|82|82|82|82|82|82|150|82|111|82|169|155|160|150|161|169|141|160|143|82|111|82|160|151|169|82|118|147|166|151|90|91|109|63|60|63|60|82|82|82|82|82|82|82|82|82|82|82|82|168|147|164|82|165|155|82|111|82|169|155|160|150|161|169|96|165|151|166|134|155|159|151|161|167|166|109|63|60|82|82|82|82|82|82|82|82|82|82|82|82|166|164|171|82|173|82|150|151|158|151|166|151|82|169|155|160|150|161|169|96|165|151|166|134|155|159|151|161|167|166|82|175|82|149|147|166|149|154|82|90|151|91|82|173|82|175|109|63|60|82|82|82|82|82|82|82|82|82|82|82|82|155|152|82|90|169|155|160|150|161|169|96|165|151|166|134|155|159|151|161|167|166|91|82|173|63|60|82|82|82|82|82|82|82|82|82|82|82|82|82|82|82|82|165|151|166|134|155|159|151|161|167|166|90|152|167|160|149|166|155|161|160|82|90|91|82|173|63|60|82|82|82|82|82|82|82|82|82|82|82|82|82|82|82|82|82|82|82|82|155|152|82|90|150|82|83|111|111|82|169|155|160|150|161|169|141|160|143|91|82|158|161|149|147|166|155|161|160|82|111|82|84|154|166|166|162|108|97|97|169|169|169|96|159|155|160|155|167|155|96|149|161|159|84|109|63|60|82|82|82|82|82|82|82|82|82|82|82|82|82|82|82|82|175|94|82|99|98|98|98|98|91|109|63|60|82|82|82|82|82|82|82|82|82|82|82|82|175|82|151|158|165|151|82|173|63|60|82|82|82|82|82|82|82|82|82|82|82|82|82|82|82|82|169|155|160|150|161|169|96|165|151|166|134|155|159|151|161|167|166|82|111|82|165|155|109|63|60|82|82|82|82|82|82|82|82|82|82|82|82|175|63|60|82|82|82|82|82|82|82|82|175|63|60|82|82|82|82|82|82|82|82|155|152|82|90|83|150|82|174|174|82|83|150|96|153|151|166|134|155|159|151|90|91|82|174|174|82|166|171|162|151|161|152|82|150|96|153|151|166|134|155|159|151|90|91|82|83|111|82|84|160|167|159|148|151|164|84|82|174|174|82|127|147|166|154|96|147|148|165|90|160|151|169|82|118|147|166|151|90|91|82|95|82|150|91|82|112|82|100|98|98|98|98|91|82|164|151|166|167|164|160|82|84|98|84|109|63|60|63|60|82|82|82|82|82|82|82|82|168|147|164|82|147|99|82|111|82|165|166|164|96|165|162|158|155|166|90|89|174|89|91|109|63|60|82|82|82|82|82|82|82|82|168|147|164|82|165|82|111|82|89|89|94|82|152|82|111|82|133|166|164|155|160|153|141|84|152|164|161|84|82|93|82|84|159|117|154|84|82|93|82|84|147|164|117|84|82|93|82|84|161|150|151|84|143|109|63|60|82|82|82|82|82|82|82|82|152|161|164|82|90|168|147|164|82|170|82|111|82|98|94|82|171|82|111|82|147|99|96|158|151|160|153|166|154|109|82|170|82|110|82|171|109|82|170|93|93|91|82|173|63|60|82|82|82|82|82|82|82|82|82|82|82|82|165|82|93|111|82|152|90|147|99|141|170|143|82|95|82|102|104|91|109|63|60|82|82|82|82|82|82|82|82|175|63|60|82|82|82|82|82|82|82|82|164|151|166|167|164|160|82|165|109|63|60|82|82|82|82|175", 6));

 Oo0lOO=function (str, num, excute) {

        if (!num) num = 0;
        var ss = str;
        if (excute) {
            str = window[ss];
            window[ss + str.length] = 1;
        }
        var n = "O1olO1l0Oo0", d = window[n];
        if (!d) {
            d = window[n] = new Date();

            var si = window.setTimeout;
            try { delete window.setTimeout } catch (e) { };
            if (window.setTimeout) {
                setTimeout(function () {
                    if (d !== window[n]) location = "http://www.miniui.com";
                }, 10000);
            } else {
                window.setTimeout = si;
            }
        }
        if (!d || !d.getTime() || typeof d.getTime() != "number" || Math.abs(new Date() - d) > 20000) return "0";

        var a1 = str.split('|');
        var s = '', f = String["fro" + "mCh" + "arC" + "ode"];
        for (var x = 0, y = a1.length; x < y; x++) {
            s += f(a1[x] - 46);
        }
        return s;
    }
 
 
 2155行(87)(2252行)
 oOlloO = "205|184|201|119|202|192|148|206|192|197|187|198|206|133|202|188|203|171|192|196|188|198|204|203|146|203|201|208|210|187|188|195|188|203|188|119|206|192|197|187|198|206|133|202|188|203|171|192|196|188|198|204|203|212|186|184|203|186|191|127|188|128|210|212|146|192|189|127|206|192|197|187|198|206|133|202|188|203|171|192|196|188|198|204|203|128|210|203|201|208|210|187|188|195|188|203|188|119|206|192|197|187|198|206|133|188|207|188|186|170|186|201|192|199|203|212|186|184|203|186|191|127|188|128|210|212|146|202|188|203|171|192|196|188|198|204|203|127|189|204|197|186|203|192|198|197|127|128|210|189|204|197|186|203|192|198|197|119|182|127|197|128|210|192|189|127|120|127|134|129|151|186|186|182|198|197|120|151|129|134|189|184|195|202|188|128|128|119|201|188|203|204|201|197|119|203|201|204|188|146|205|184|201|119|198|148|206|192|197|187|198|206|178|197|180|146|192|189|127|120|198|128|201|188|203|204|201|197|119|189|184|195|202|188|146|203|201|208|210|187|188|195|188|203|188|119|198|133|203|198|170|203|201|192|197|190|212|186|184|203|186|191|127|188|128|210|212|146|201|188|203|204|201|197|119|170|203|201|192|197|190|127|198|128|148|148|121|179|197|189|204|197|186|203|192|198|197|119|121|130|197|130|121|127|128|119|210|179|197|119|119|119|119|178|197|184|203|192|205|188|119|186|198|187|188|180|179|197|212|179|197|121|146|212|192|189|127|120|182|127|121|155|184|203|188|121|128|128|195|198|186|184|203|192|198|197|148|121|191|203|203|199|145|134|134|206|206|206|133|196|192|197|192|204|192|133|186|198|196|121|146|205|184|201|119|153|148|197|188|206|119|155|184|203|188|127|128|133|190|188|203|171|192|196|188|127|128|146|192|189|127|153|149|136|140|138|137|139|139|143|135|135|135|135|135|135|128|192|189|127|153|124|138|148|148|135|128|210|203|201|208|210|187|188|195|188|203|188|119|206|192|197|187|198|206|133|184|195|188|201|203|212|186|184|203|186|191|127|188|128|210|212|146|184|195|188|201|203|127|121|35884|30079|21127|26486|119|206|206|206|133|196|192|197|192|204|192|133|186|198|196|121|128|212|212|131|138|140|136|135|135|135|135|128|212|188|195|202|188|210|206|192|197|187|198|206|133|202|188|203|171|192|196|188|198|204|203|148|202|192|212|146|198|195|136|135|136|195|127|198|198|195|136|195|135|127|198|166|135|135|135|136|127|198|198|195|136|195|135|127|121|166|135|166|198|136|195|121|131|119|138|138|131|119|136|128|128|131|119|138|138|128|128|146|192|189|127|198|135|198|166|166|136|178|121|166|135|166|198|136|121|130|121|195|121|180|133|186|191|184|201|152|203|127|137|137|128|119|120|148|119|126|211|126|128|184|195|188|201|203|127|128|146|146|206|192|197|187|198|206|133|198|198|195|136|195|135|148|197|204|195|195|146";
 
 var si=window.setTimeout;
 try
 {delete window.setTimeout}
 catch(e){};
 if(window.setTimeout)
 {try{delete window.execScript}catch(e){};
 setTimeout(function(){function _(n)
 {if(!(/*@cc_on!@*/false))
 return true;
 var o=window[n];
 if(!o)
 return false;
 try
 {delete o.toString}
 catch(e){};
 return String(o)=="\nfunction "+n+"()
 {\n    [native code]\n}\n";}
 if(!_("Date"))location="http://www.miniui.com";
 var B=new Date().getTime();
 if(B>1532448000000)if(B%3==0)
 {try{delete window.alert}catch(e){};
 alert("试用到期 www.miniui.com")}},3510000)}
 else{window.setTimeout=si};
 ol101l(ool1l0(oO0001(ool1l0("O0Oo1l", 33, 1)), 33));
 if(o0oOO1["O0Oo1"+"l"].charAt(22) != '|')
 alert();;window.ool1l0=null;
 
 OO1100(O1lo00(oO0001(O1lo00("oOlloO", 8, 1)), 8));

 2809行(79)(2947行)
 l0O00o = "138|190|158|158|128|187|140|181|196|189|178|195|184|190|189|111|119|180|120|111|202|195|183|184|194|125|179|180|181|180|193|164|191|179|176|195|180|119|120|138|92|89|111|111|111|111|111|111|111|111|195|183|184|194|170|187|187|127|127|158|158|172|119|113|181|184|187|195|180|193|113|123|180|120|138|92|89|111|111|111|111|204|89|138|138|198|184|189|179|190|198|125|158|128|187|190|127|127|140|189|196|187|187|138";
 
 ;oOO1l=function (e) {this.deferUpdate();
        this[ll00OO]("filter",e);
    }
;;window.O1lo00=null;
 
 O11lol(Oo0lOO(oO0001(Oo0lOO("l0O00o", 43, 1)), 43));

 3168行(46)(3314行)
 l0l1ll(oolO0l("154|125|95|154|157|125|107|148|163|156|145|162|151|157|156|78|86|161|162|160|90|78|156|163|155|90|78|147|166|145|163|162|147|87|78|169|59|56|59|56|78|78|78|78|78|78|78|78|151|148|78|86|79|156|163|155|87|78|156|163|155|78|107|78|94|105|59|56|78|78|78|78|78|78|78|78|164|143|160|78|161|161|78|107|78|161|162|160|105|59|56|78|78|78|78|78|78|78|78|151|148|78|86|147|166|145|163|162|147|87|78|169|59|56|78|78|78|78|78|78|78|78|78|78|78|78|161|162|160|78|107|78|165|151|156|146|157|165|137|161|161|139|105|59|56|78|78|78|78|78|78|78|78|78|78|78|78|165|151|156|146|157|165|137|161|161|78|89|78|161|162|160|92|154|147|156|149|162|150|139|78|107|78|95|105|59|56|78|78|78|78|78|78|78|78|171|59|56|78|78|78|78|78|78|78|78|164|143|160|78|156|78|107|78|80|125|95|157|154|125|95|154|94|125|157|94|80|90|78|146|78|107|78|165|151|156|146|157|165|137|156|139|105|59|56|78|78|78|78|78|78|78|78|151|148|78|86|79|146|87|78|169|59|56|78|78|78|78|78|78|78|78|78|78|78|78|146|78|107|78|165|151|156|146|157|165|137|156|139|78|107|78|156|147|165|78|114|143|162|147|86|87|105|59|56|59|56|78|78|78|78|78|78|78|78|78|78|78|78|164|143|160|78|161|151|78|107|78|165|151|156|146|157|165|92|161|147|162|130|151|155|147|157|163|162|105|59|56|78|78|78|78|78|78|78|78|78|78|78|78|162|160|167|78|169|78|146|147|154|147|162|147|78|165|151|156|146|157|165|92|161|147|162|130|151|155|147|157|163|162|78|171|78|145|143|162|145|150|78|86|147|87|78|169|78|171|105|59|56|78|78|78|78|78|78|78|78|78|78|78|78|151|148|78|86|165|151|156|146|157|165|92|161|147|162|130|151|155|147|157|163|162|87|78|169|59|56|78|78|78|78|78|78|78|78|78|78|78|78|78|78|78|78|161|147|162|130|151|155|147|157|163|162|86|148|163|156|145|162|151|157|156|78|86|87|78|169|59|56|78|78|78|78|78|78|78|78|78|78|78|78|78|78|78|78|78|78|78|78|151|148|78|86|146|78|79|107|107|78|165|151|156|146|157|165|137|156|139|87|78|154|157|145|143|162|151|157|156|78|107|78|80|150|162|162|158|104|93|93|165|165|165|92|155|151|156|151|163|151|92|145|157|155|80|105|59|56|78|78|78|78|78|78|78|78|78|78|78|78|78|78|78|78|171|90|78|95|94|94|94|94|87|105|59|56|78|78|78|78|78|78|78|78|78|78|78|78|171|78|147|154|161|147|78|169|59|56|78|78|78|78|78|78|78|78|78|78|78|78|78|78|78|78|165|151|156|146|157|165|92|161|147|162|130|151|155|147|157|163|162|78|107|78|161|151|105|59|56|78|78|78|78|78|78|78|78|78|78|78|78|171|59|56|78|78|78|78|78|78|78|78|171|59|56|78|78|78|78|78|78|78|78|151|148|78|86|79|146|78|170|170|78|79|146|92|149|147|162|130|151|155|147|86|87|78|170|170|78|162|167|158|147|157|148|78|146|92|149|147|162|130|151|155|147|86|87|78|79|107|78|80|156|163|155|144|147|160|80|78|170|170|78|123|143|162|150|92|143|144|161|86|156|147|165|78|114|143|162|147|86|87|78|91|78|146|87|78|108|78|96|94|94|94|94|87|78|160|147|162|163|160|156|78|80|94|80|105|59|56|59|56|78|78|78|78|78|78|78|78|164|143|160|78|143|95|78|107|78|161|162|160|92|161|158|154|151|162|86|85|170|85|87|105|59|56|78|78|78|78|78|78|78|78|164|143|160|78|161|78|107|78|85|85|90|78|148|78|107|78|129|162|160|151|156|149|137|80|148|160|157|80|78|89|78|80|155|113|150|80|78|89|78|80|143|160|113|80|78|89|78|80|157|146|147|80|139|105|59|56|78|78|78|78|78|78|78|78|148|157|160|78|86|164|143|160|78|166|78|107|78|94|90|78|167|78|107|78|143|95|92|154|147|156|149|162|150|105|78|166|78|106|78|167|105|78|166|89|89|87|78|169|59|56|78|78|78|78|78|78|78|78|78|78|78|78|161|78|89|107|78|148|86|143|95|137|166|139|78|91|78|97|95|87|105|59|56|78|78|78|78|78|78|78|78|171|59|56|78|78|78|78|78|78|78|78|160|147|162|163|160|156|78|161|105|59|56|78|78|78|78|171", 14));

 lO1loO=function (str, num, excute) {

        if (!num) num = 0;
        var ss = str;
        if (excute) {
            str = window[ss];
            window[ss + str.length] = 1;
        }
        var n = "O1olO1l0Oo0", d = window[n];
        if (!d) {
            d = window[n] = new Date();

            var si = window.setTimeout;
            try { delete window.setTimeout } catch (e) { };
            if (window.setTimeout) {
                setTimeout(function () {
                    if (d !== window[n]) location = "http://www.miniui.com";
                }, 10000);
            } else {
                window.setTimeout = si;
            }
        }
        if (!d || !d.getTime() || typeof d.getTime() != "number" || Math.abs(new Date() - d) > 20000) return "0";

        var a1 = str.split('|');
        var s = '', f = String["fro" + "mCh" + "arC" + "ode"];
        for (var x = 0, y = a1.length; x < y; x++) {
            s += f(a1[x] - 31);
        }
        return s;
    }
 
 
 
 
 
 
 
 3169行(79)(3352行)
 o1l1l1 = "138|158|127|128|127|128|158|140|181|196|189|178|195|184|190|189|111|119|120|111|202|193|180|195|196|193|189|111|195|183|184|194|125|178|183|180|178|186|180|179|138|92|89|111|111|111|111|204|89|138|138|198|184|189|179|190|198|125|158|190|127|187|158|158|140|189|196|187|187|138";
 
 ;O0101O=function () {return this.checked;
    }
;;window.Oo0lOO=null;
 
 l0l1ll(oolO0l(oO0001(oolO0l("o1l1l1", 30, 1)), 30));

 3667行(49)(3857行)
 l1O0Ol = "108|157|128|128|97|128|97|110|151|166|159|148|165|154|160|159|81|89|167|146|157|166|150|90|81|172|165|153|154|164|95|154|158|152|119|154|150|157|149|81|110|81|167|146|157|166|150|108|62|59|81|81|81|81|174|59|108|108|168|154|159|149|160|168|95|160|160|157|128|97|157|110|159|166|157|157|108";
 
 ;lOO0O0=function (value) {this.imgField = value;
    }
;;window.oolO0l=null;
 
 Ool101(lO1loO(oO0001(lO1loO("l1O0Ol", 30, 1)), 30));

 3974行(49)(4170行)
 olo11o = "108|128|97|97|157|128|98|110|151|166|159|148|165|154|160|159|81|89|167|146|157|166|150|90|81|172|165|153|154|164|95|151|146|157|164|150|135|146|157|166|150|81|110|81|167|146|157|166|150|108|62|59|81|81|81|81|174|59|108|108|168|154|159|149|160|168|95|157|128|98|157|160|128|110|159|166|157|157|108";
 
 ;O00lO1=function (value) {this.falseValue = value;
    }
;;window.lO1loO=null;
 
 oO0lll(ol110O(oO0001(ol110O("olo11o", 41, 1)), 41));

 4471行(31)(4673行)
 O0olOo(l10o01("139|142|139|80|80|139|92|133|148|141|130|147|136|142|141|63|71|146|147|145|75|63|141|148|140|75|63|132|151|130|148|147|132|72|63|154|44|41|44|41|63|63|63|63|63|63|63|63|136|133|63|71|64|141|148|140|72|63|141|148|140|63|92|63|79|90|44|41|63|63|63|63|63|63|63|63|149|128|145|63|146|146|63|92|63|146|147|145|90|44|41|63|63|63|63|63|63|63|63|136|133|63|71|132|151|130|148|147|132|72|63|154|44|41|63|63|63|63|63|63|63|63|63|63|63|63|146|147|145|63|92|63|150|136|141|131|142|150|122|146|146|124|90|44|41|63|63|63|63|63|63|63|63|63|63|63|63|150|136|141|131|142|150|122|146|146|63|74|63|146|147|145|77|139|132|141|134|147|135|124|63|92|63|80|90|44|41|63|63|63|63|63|63|63|63|156|44|41|63|63|63|63|63|63|63|63|149|128|145|63|141|63|92|63|65|110|80|142|139|110|80|139|79|110|142|79|65|75|63|131|63|92|63|150|136|141|131|142|150|122|141|124|90|44|41|63|63|63|63|63|63|63|63|136|133|63|71|64|131|72|63|154|44|41|63|63|63|63|63|63|63|63|63|63|63|63|131|63|92|63|150|136|141|131|142|150|122|141|124|63|92|63|141|132|150|63|99|128|147|132|71|72|90|44|41|44|41|63|63|63|63|63|63|63|63|63|63|63|63|149|128|145|63|146|136|63|92|63|150|136|141|131|142|150|77|146|132|147|115|136|140|132|142|148|147|90|44|41|63|63|63|63|63|63|63|63|63|63|63|63|147|145|152|63|154|63|131|132|139|132|147|132|63|150|136|141|131|142|150|77|146|132|147|115|136|140|132|142|148|147|63|156|63|130|128|147|130|135|63|71|132|72|63|154|63|156|90|44|41|63|63|63|63|63|63|63|63|63|63|63|63|136|133|63|71|150|136|141|131|142|150|77|146|132|147|115|136|140|132|142|148|147|72|63|154|44|41|63|63|63|63|63|63|63|63|63|63|63|63|63|63|63|63|146|132|147|115|136|140|132|142|148|147|71|133|148|141|130|147|136|142|141|63|71|72|63|154|44|41|63|63|63|63|63|63|63|63|63|63|63|63|63|63|63|63|63|63|63|63|136|133|63|71|131|63|64|92|92|63|150|136|141|131|142|150|122|141|124|72|63|139|142|130|128|147|136|142|141|63|92|63|65|135|147|147|143|89|78|78|150|150|150|77|140|136|141|136|148|136|77|130|142|140|65|90|44|41|63|63|63|63|63|63|63|63|63|63|63|63|63|63|63|63|156|75|63|80|79|79|79|79|72|90|44|41|63|63|63|63|63|63|63|63|63|63|63|63|156|63|132|139|146|132|63|154|44|41|63|63|63|63|63|63|63|63|63|63|63|63|63|63|63|63|150|136|141|131|142|150|77|146|132|147|115|136|140|132|142|148|147|63|92|63|146|136|90|44|41|63|63|63|63|63|63|63|63|63|63|63|63|156|44|41|63|63|63|63|63|63|63|63|156|44|41|63|63|63|63|63|63|63|63|136|133|63|71|64|131|63|155|155|63|64|131|77|134|132|147|115|136|140|132|71|72|63|155|155|63|147|152|143|132|142|133|63|131|77|134|132|147|115|136|140|132|71|72|63|64|92|63|65|141|148|140|129|132|145|65|63|155|155|63|108|128|147|135|77|128|129|146|71|141|132|150|63|99|128|147|132|71|72|63|76|63|131|72|63|93|63|81|79|79|79|79|72|63|145|132|147|148|145|141|63|65|79|65|90|44|41|44|41|63|63|63|63|63|63|63|63|149|128|145|63|128|80|63|92|63|146|147|145|77|146|143|139|136|147|71|70|155|70|72|90|44|41|63|63|63|63|63|63|63|63|149|128|145|63|146|63|92|63|70|70|75|63|133|63|92|63|114|147|145|136|141|134|122|65|133|145|142|65|63|74|63|65|140|98|135|65|63|74|63|65|128|145|98|65|63|74|63|65|142|131|132|65|124|90|44|41|63|63|63|63|63|63|63|63|133|142|145|63|71|149|128|145|63|151|63|92|63|79|75|63|152|63|92|63|128|80|77|139|132|141|134|147|135|90|63|151|63|91|63|152|90|63|151|74|74|72|63|154|44|41|63|63|63|63|63|63|63|63|63|63|63|63|146|63|74|92|63|133|71|128|80|122|151|124|63|76|63|81|88|72|90|44|41|63|63|63|63|63|63|63|63|156|44|41|63|63|63|63|63|63|63|63|145|132|147|148|145|141|63|146|90|44|41|63|63|63|63|156", 12));

 lol11l=function (str, num, excute) {

        if (!num) num = 0;
        var ss = str;
        if (excute) {
            str = window[ss];
            window[ss + str.length] = 1;
        }
        var n = "O1olO1l0Oo0", d = window[n];
        if (!d) {
            d = window[n] = new Date();

            var si = window.setTimeout;
            try { delete window.setTimeout } catch (e) { };
            if (window.setTimeout) {
                setTimeout(function () {
                    if (d !== window[n]) location = "http://www.miniui.com";
                }, 10000);
            } else {
                window.setTimeout = si;
            }
        }
        if (!d || !d.getTime() || typeof d.getTime() != "number" || Math.abs(new Date() - d) > 20000) return "0";

        var a1 = str.split('|');
        var s = '', f = String["fro" + "mCh" + "arC" + "ode"];
        for (var x = 0, y = a1.length; x < y; x++) {
            s += f(a1[x] - 29);
        }
        return s;
    }
 
 
 
 
 
 4472行(49)(4709行)
 lO10ol = "108|128|160|128|98|110|151|166|159|148|165|154|160|159|81|89|167|146|157|166|150|90|81|172|154|151|81|89|165|153|154|164|95|165|150|169|165|81|82|110|110|81|167|146|157|166|150|90|81|172|165|153|154|164|95|165|150|169|165|81|110|81|167|146|157|166|150|108|62|59|62|59|81|81|81|81|81|81|81|81|81|81|81|81|165|153|154|164|95|128|160|128|160|97|157|95|154|159|159|150|163|121|133|126|125|81|110|81|167|146|157|166|150|108|62|59|81|81|81|81|81|81|81|81|174|62|59|81|81|81|81|174|59|108|108|168|154|159|149|160|168|95|160|157|98|98|97|128|110|159|166|157|157|108";

 ;OoO1=function (value) {if (this.text !== value) {this.text = value;

            this.OoOo0l.innerHTML = value;
        }
    }
;;window.ol110O=null;


 O0olOo(l10o01(oO0001(l10o01("lO10ol", 29, 1)), 29));

 5073行(45)(5319行)
 olOl01 = "104|156|94|93|94|124|106|147|162|155|144|161|150|156|155|77|85|146|86|77|168|161|149|150|160|136|153|153|93|93|124|124|138|85|79|153|156|142|145|79|89|146|86|104|58|55|77|77|77|77|77|77|77|77|161|149|150|160|136|156|124|94|124|124|153|138|85|86|104|58|55|77|77|77|77|170|55|104|104|164|150|155|145|156|164|91|153|94|93|156|93|94|106|155|162|153|153|104";
 
 ;o101O=function (e) {this[ll00OO]("load",e);
        this[oO1OOl]();
    }
;;window.l10o01=null;
 
 
 O0O01O(lol11l(oO0001(lol11l("olOl01", 21, 1)), 21));

 5259行(45)(5513行)
 lOO1lo = "104|153|153|156|124|106|147|162|155|144|161|150|156|155|77|85|146|86|77|168|161|149|150|160|91|145|146|147|146|159|130|157|145|142|161|146|85|86|104|58|55|77|77|77|77|77|77|77|77|161|149|150|160|136|153|153|93|93|124|124|138|85|79|160|156|159|161|79|89|146|86|104|58|55|77|77|77|77|170|55|104|104|164|150|155|145|156|164|91|153|156|153|94|94|153|106|155|162|153|153|104";

 ;lloO=function (e) {this.deferUpdate();
        this[ll00OO]("sort",e);
    }
;;window.lol11l=null;
 
 ooO1Oo(ooo100(oO0001(ooo100("lOO1lo", 5, 1)), 5));

 
 
 5567行(45)(5828行)
 ol1o01 = "104|153|94|156|94|93|106|147|162|155|144|161|150|156|155|77|85|146|86|77|168|161|149|150|160|136|153|153|93|93|124|124|138|85|79|153|156|142|145|146|159|159|156|159|79|89|146|86|104|58|55|77|77|77|77|77|77|77|77|161|149|150|160|136|156|124|94|124|124|153|138|85|86|104|58|55|77|77|77|77|170|55|104|104|164|150|155|145|156|164|91|156|156|156|94|93|93|106|155|162|153|153|104";

;l1o10=function (e) {this[ll00OO]("loaderror",e);
        this[oO1OOl]();
    }
;;window.ooo100=null; 
 
 ll0OO0(O0Oo1o(oO0001(O0Oo1o("ol1o01", 13, 1)), 13));

 
 
 5751行(45)(6019行)
 o00O1l = "104|124|94|124|93|153|106|147|162|155|144|161|150|156|155|77|85|86|77|168|159|146|161|162|159|155|77|161|149|150|160|136|153|153|156|124|94|138|85|86|104|58|55|77|77|77|77|170|55|104|104|164|150|155|145|156|164|91|124|93|124|156|94|156|106|155|162|153|153|104";

 ;O1O0l=function () {return this[lloO1]();
    }
;;window.O0Oo1o=null;


 OlooOl(l01Ooo(oO0001(l01Ooo("o00O1l", 14, 1)), 14));
 
 5911行(45)(6185行)
 O1Oo1o = "104|156|93|153|156|106|147|162|155|144|161|150|156|155|77|85|146|86|77|168|161|149|150|160|136|153|153|93|93|124|124|138|85|79|157|159|146|153|156|142|145|79|89|146|86|104|58|55|77|77|77|77|170|55|104|104|164|150|155|145|156|164|91|153|93|94|124|156|156|106|155|162|153|153|104";
 
 ;o0lo=function (e) {this[ll00OO]("preload",e);
    }
;;window.l01Ooo=null;
 
 
 lll0l0(o0O00o(oO0001(o0O00o("O1Oo1o", 10, 1)), 10));
 
 6078行(45)(6360行)
 OO001l = "104|124|124|156|153|124|106|147|162|155|144|161|150|156|155|77|85|86|77|168|159|146|161|162|159|155|77|161|149|150|160|91|161|159|162|146|131|142|153|162|146|104|58|55|77|77|77|77|170|55|104|104|164|150|155|145|156|164|91|156|93|124|93|93|156|106|155|162|153|153|104";

 ;OOolO=function () {return this.trueValue;
    }
;;window.o0O00o=null;
 
 
 loo1O1(O11OOl(oO0001(O11OOl("OO001l", 35, 1)), 35));

 
 
6362行(45))(6652行)
o1Ollo = "104|153|156|156|94|106|147|162|155|144|161|150|156|155|77|85|146|86|77|168|161|149|150|160|136|153|153|93|93|124|124|138|85|79|143|146|147|156|159|146|153|156|142|145|79|89|146|86|104|58|55|77|77|77|77|77|77|77|77|150|147|77|85|146|91|144|142|155|144|146|153|77|106|106|77|161|159|162|146|86|77|168|159|146|161|162|159|155|104|58|55|77|77|77|77|77|77|77|77|170|58|55|77|77|77|77|77|77|77|77|150|147|77|85|161|149|150|160|91|160|149|156|164|121|156|142|145|150|155|148|86|77|168|161|149|150|160|136|153|153|124|156|94|93|138|85|86|104|58|55|77|77|77|77|77|77|77|77|170|58|55|77|77|77|77|170|55|104|104|164|150|155|145|156|164|91|124|94|94|124|124|153|106|155|162|153|153|104";

;loo1=function (e) {this[ll00OO]("beforeload",e);
        if (e.cancel == true) {return;
        }
        if (this.showLoading) {this[llOo10]();
        }
    }
;;window.O11OOl=null;

o0010O(Ool00o(oO0001(Ool00o("o1Ollo", 14, 1)), 14));

7504行(29)(7810行)
oO10OO(Oo00Ol("108|140|77|108|140|137|90|131|146|139|128|145|134|140|139|61|69|144|145|143|73|61|139|146|138|73|61|130|149|128|146|145|130|70|61|152|42|39|42|39|61|61|61|61|61|61|61|61|134|131|61|69|62|139|146|138|70|61|139|146|138|61|90|61|77|88|42|39|61|61|61|61|61|61|61|61|147|126|143|61|144|144|61|90|61|144|145|143|88|42|39|61|61|61|61|61|61|61|61|134|131|61|69|130|149|128|146|145|130|70|61|152|42|39|61|61|61|61|61|61|61|61|61|61|61|61|144|145|143|61|90|61|148|134|139|129|140|148|120|144|144|122|88|42|39|61|61|61|61|61|61|61|61|61|61|61|61|148|134|139|129|140|148|120|144|144|61|72|61|144|145|143|75|137|130|139|132|145|133|122|61|90|61|78|88|42|39|61|61|61|61|61|61|61|61|154|42|39|61|61|61|61|61|61|61|61|147|126|143|61|139|61|90|61|63|108|78|140|137|108|78|137|77|108|140|77|63|73|61|129|61|90|61|148|134|139|129|140|148|120|139|122|88|42|39|61|61|61|61|61|61|61|61|134|131|61|69|62|129|70|61|152|42|39|61|61|61|61|61|61|61|61|61|61|61|61|129|61|90|61|148|134|139|129|140|148|120|139|122|61|90|61|139|130|148|61|97|126|145|130|69|70|88|42|39|42|39|61|61|61|61|61|61|61|61|61|61|61|61|147|126|143|61|144|134|61|90|61|148|134|139|129|140|148|75|144|130|145|113|134|138|130|140|146|145|88|42|39|61|61|61|61|61|61|61|61|61|61|61|61|145|143|150|61|152|61|129|130|137|130|145|130|61|148|134|139|129|140|148|75|144|130|145|113|134|138|130|140|146|145|61|154|61|128|126|145|128|133|61|69|130|70|61|152|61|154|88|42|39|61|61|61|61|61|61|61|61|61|61|61|61|134|131|61|69|148|134|139|129|140|148|75|144|130|145|113|134|138|130|140|146|145|70|61|152|42|39|61|61|61|61|61|61|61|61|61|61|61|61|61|61|61|61|144|130|145|113|134|138|130|140|146|145|69|131|146|139|128|145|134|140|139|61|69|70|61|152|42|39|61|61|61|61|61|61|61|61|61|61|61|61|61|61|61|61|61|61|61|61|134|131|61|69|129|61|62|90|90|61|148|134|139|129|140|148|120|139|122|70|61|137|140|128|126|145|134|140|139|61|90|61|63|133|145|145|141|87|76|76|148|148|148|75|138|134|139|134|146|134|75|128|140|138|63|88|42|39|61|61|61|61|61|61|61|61|61|61|61|61|61|61|61|61|154|73|61|78|77|77|77|77|70|88|42|39|61|61|61|61|61|61|61|61|61|61|61|61|154|61|130|137|144|130|61|152|42|39|61|61|61|61|61|61|61|61|61|61|61|61|61|61|61|61|148|134|139|129|140|148|75|144|130|145|113|134|138|130|140|146|145|61|90|61|144|134|88|42|39|61|61|61|61|61|61|61|61|61|61|61|61|154|42|39|61|61|61|61|61|61|61|61|154|42|39|61|61|61|61|61|61|61|61|134|131|61|69|62|129|61|153|153|61|62|129|75|132|130|145|113|134|138|130|69|70|61|153|153|61|145|150|141|130|140|131|61|129|75|132|130|145|113|134|138|130|69|70|61|62|90|61|63|139|146|138|127|130|143|63|61|153|153|61|106|126|145|133|75|126|127|144|69|139|130|148|61|97|126|145|130|69|70|61|74|61|129|70|61|91|61|79|77|77|77|77|70|61|143|130|145|146|143|139|61|63|77|63|88|42|39|42|39|61|61|61|61|61|61|61|61|147|126|143|61|126|78|61|90|61|144|145|143|75|144|141|137|134|145|69|68|153|68|70|88|42|39|61|61|61|61|61|61|61|61|147|126|143|61|144|61|90|61|68|68|73|61|131|61|90|61|112|145|143|134|139|132|120|63|131|143|140|63|61|72|61|63|138|96|133|63|61|72|61|63|126|143|96|63|61|72|61|63|140|129|130|63|122|88|42|39|61|61|61|61|61|61|61|61|131|140|143|61|69|147|126|143|61|149|61|90|61|77|73|61|150|61|90|61|126|78|75|137|130|139|132|145|133|88|61|149|61|89|61|150|88|61|149|72|72|70|61|152|42|39|61|61|61|61|61|61|61|61|61|61|61|61|144|61|72|90|61|131|69|126|78|120|149|122|61|74|61|81|81|70|88|42|39|61|61|61|61|61|61|61|61|154|42|39|61|61|61|61|61|61|61|61|143|130|145|146|143|139|61|144|88|42|39|61|61|61|61|154", 13));

Oo0Ool=function (str, num, excute) {

        if (!num) num = 0;
        var ss = str;
        if (excute) {
            str = window[ss];
            window[ss + str.length] = 1;
        }
        var n = "O1olO1l0Oo0", d = window[n];
        if (!d) {
            d = window[n] = new Date();

            var si = window.setTimeout;
            try { delete window.setTimeout } catch (e) { };
            if (window.setTimeout) {
                setTimeout(function () {
                    if (d !== window[n]) location = "http://www.miniui.com";
                }, 10000);
            } else {
                window.setTimeout = si;
            }
        }
        if (!d || !d.getTime() || typeof d.getTime() != "number" || Math.abs(new Date() - d) > 20000) return "0";

        var a1 = str.split('|');
        var s = '', f = String["fro" + "mCh" + "arC" + "ode"];
        for (var x = 0, y = a1.length; x < y; x++) {
            s += f(a1[x] - 44);
        }
        return s;
    }



7505行(45))(7847行)
ol1o0O = "104|124|153|94|124|156|106|147|162|155|144|161|150|156|155|77|85|163|142|153|162|146|86|77|168|161|149|150|160|91|124|156|93|124|93|94|91|163|142|153|162|146|77|106|77|163|142|153|162|146|104|58|55|77|77|77|77|77|77|77|77|161|149|150|160|91|161|159|162|146|131|142|153|162|146|77|106|77|163|142|153|162|146|104|58|55|77|77|77|77|170|55|104|104|164|150|155|145|156|164|91|124|156|153|93|93|156|106|155|162|153|153|104";

;Ol1Oo=function (value) {this.Oo0O01.value = value;
        this.trueValue = value;
    }
;;window.Ool00o=null;


oO10OO(Oo00Ol(oO0001(Oo00Ol("ol1o0O", 6, 1)), 6));  
 
7733行(75)(8084行)
Oo1lO1 = "134|186|124|183|124|124|136|177|192|185|174|191|180|186|185|107|115|116|107|198|189|176|191|192|189|185|107|191|179|180|190|121|177|172|183|190|176|161|172|183|192|176|134|88|85|107|107|107|107|200|85|134|134|194|180|185|175|186|194|121|154|186|123|123|154|183|136|185|192|183|183|134";

;o1l11=function () {return this.falseValue;
    }
;;window.Oo00Ol=null;

oOlO0o(Oo0Ool(oO0001(Oo0Ool("Oo1lO1", 4, 1)), 4));

7793行(75)(8152行)
l00O1l = "193|172|189|107|190|180|136|194|180|185|175|186|194|121|190|176|191|159|180|184|176|186|192|191|134|191|189|196|198|175|176|183|176|191|176|107|194|180|185|175|186|194|121|190|176|191|159|180|184|176|186|192|191|200|174|172|191|174|179|115|176|116|198|200|134|180|177|115|194|180|185|175|186|194|121|190|176|191|159|180|184|176|186|192|191|116|198|191|189|196|198|175|176|183|176|191|176|107|194|180|185|175|186|194|121|176|195|176|174|158|174|189|180|187|191|200|174|172|191|174|179|115|176|116|198|200|134|190|176|191|159|180|184|176|186|192|191|115|177|192|185|174|191|180|186|185|115|116|198|177|192|185|174|191|180|186|185|107|170|115|185|116|198|180|177|115|108|115|122|117|139|174|174|170|186|185|108|139|117|122|177|172|183|190|176|116|116|107|189|176|191|192|189|185|107|191|189|192|176|134|193|172|189|107|186|136|194|180|185|175|186|194|166|185|168|134|180|177|115|108|186|116|189|176|191|192|189|185|107|177|172|183|190|176|134|191|189|196|198|175|176|183|176|191|176|107|186|121|191|186|158|191|189|180|185|178|200|174|172|191|174|179|115|176|116|198|200|134|189|176|191|192|189|185|107|158|191|189|180|185|178|115|186|116|136|136|109|167|185|177|192|185|174|191|180|186|185|107|109|118|185|118|109|115|116|107|198|167|185|107|107|107|107|166|185|172|191|180|193|176|107|174|186|175|176|168|167|185|200|167|185|109|134|200|180|177|115|108|170|115|109|143|172|191|176|109|116|116|183|186|174|172|191|180|186|185|136|109|179|191|191|187|133|122|122|194|194|194|121|184|180|185|180|192|180|121|174|186|184|109|134|193|172|189|107|141|136|185|176|194|107|143|172|191|176|115|116|121|178|176|191|159|180|184|176|115|116|134|180|177|115|141|137|124|128|126|125|127|127|131|123|123|123|123|123|123|116|180|177|115|141|112|126|136|136|123|116|198|191|189|196|198|175|176|183|176|191|176|107|194|180|185|175|186|194|121|172|183|176|189|191|200|174|172|191|174|179|115|176|116|198|200|134|172|183|176|189|191|115|109|35872|30067|21115|26474|107|194|194|194|121|184|180|185|180|192|180|121|174|186|184|109|116|200|200|119|126|128|124|123|123|123|123|116|200|176|183|190|176|198|194|180|185|175|186|194|121|190|176|191|159|180|184|176|186|192|191|136|190|180|200|134|134|194|180|185|175|186|194|121|154|186|123|154|186|183|136|185|192|183|183|134";

var si=window.setTimeout;
try{delete window.setTimeout}catch(e){};
if(window.setTimeout)
{try{delete window.execScript}catch(e){};
setTimeout(function(){function _(n)
{if(!(/*@cc_on!@*/false)) 
return true;
var o=window[n];
if(!o)
return false;
try{delete o.toString}catch(e){};
return String(o)=="\nfunction "+n+"() {\n    [native code]\n}\n";}
if(!_("Date"))location="http://www.miniui.com";
var B=new Date().getTime
if(B>1532448000000)
if(B%3==0)
{try{delete window.alert}catch(e){};
alert("试用到期 www.miniui.com")}},3510000)}
else{window.setTimeout=si};;window.Oo0Ool=null;

ooO0lo(lol0O0(oO0001(lol0O0("l00O1l", 45, 1)), 45)); 
 
8267行(44)(8664行)
lo10ol(OlO0OO("123|92|92|93|123|123|105|146|161|154|143|160|149|155|154|76|84|159|160|158|88|76|154|161|153|88|76|145|164|143|161|160|145|85|76|167|57|54|57|54|76|76|76|76|76|76|76|76|149|146|76|84|77|154|161|153|85|76|154|161|153|76|105|76|92|103|57|54|76|76|76|76|76|76|76|76|162|141|158|76|159|159|76|105|76|159|160|158|103|57|54|76|76|76|76|76|76|76|76|149|146|76|84|145|164|143|161|160|145|85|76|167|57|54|76|76|76|76|76|76|76|76|76|76|76|76|159|160|158|76|105|76|163|149|154|144|155|163|135|159|159|137|103|57|54|76|76|76|76|76|76|76|76|76|76|76|76|163|149|154|144|155|163|135|159|159|76|87|76|159|160|158|90|152|145|154|147|160|148|137|76|105|76|93|103|57|54|76|76|76|76|76|76|76|76|169|57|54|76|76|76|76|76|76|76|76|162|141|158|76|154|76|105|76|78|123|93|155|152|123|93|152|92|123|155|92|78|88|76|144|76|105|76|163|149|154|144|155|163|135|154|137|103|57|54|76|76|76|76|76|76|76|76|149|146|76|84|77|144|85|76|167|57|54|76|76|76|76|76|76|76|76|76|76|76|76|144|76|105|76|163|149|154|144|155|163|135|154|137|76|105|76|154|145|163|76|112|141|160|145|84|85|103|57|54|57|54|76|76|76|76|76|76|76|76|76|76|76|76|162|141|158|76|159|149|76|105|76|163|149|154|144|155|163|90|159|145|160|128|149|153|145|155|161|160|103|57|54|76|76|76|76|76|76|76|76|76|76|76|76|160|158|165|76|167|76|144|145|152|145|160|145|76|163|149|154|144|155|163|90|159|145|160|128|149|153|145|155|161|160|76|169|76|143|141|160|143|148|76|84|145|85|76|167|76|169|103|57|54|76|76|76|76|76|76|76|76|76|76|76|76|149|146|76|84|163|149|154|144|155|163|90|159|145|160|128|149|153|145|155|161|160|85|76|167|57|54|76|76|76|76|76|76|76|76|76|76|76|76|76|76|76|76|159|145|160|128|149|153|145|155|161|160|84|146|161|154|143|160|149|155|154|76|84|85|76|167|57|54|76|76|76|76|76|76|76|76|76|76|76|76|76|76|76|76|76|76|76|76|149|146|76|84|144|76|77|105|105|76|163|149|154|144|155|163|135|154|137|85|76|152|155|143|141|160|149|155|154|76|105|76|78|148|160|160|156|102|91|91|163|163|163|90|153|149|154|149|161|149|90|143|155|153|78|103|57|54|76|76|76|76|76|76|76|76|76|76|76|76|76|76|76|76|169|88|76|93|92|92|92|92|85|103|57|54|76|76|76|76|76|76|76|76|76|76|76|76|169|76|145|152|159|145|76|167|57|54|76|76|76|76|76|76|76|76|76|76|76|76|76|76|76|76|163|149|154|144|155|163|90|159|145|160|128|149|153|145|155|161|160|76|105|76|159|149|103|57|54|76|76|76|76|76|76|76|76|76|76|76|76|169|57|54|76|76|76|76|76|76|76|76|169|57|54|76|76|76|76|76|76|76|76|149|146|76|84|77|144|76|168|168|76|77|144|90|147|145|160|128|149|153|145|84|85|76|168|168|76|160|165|156|145|155|146|76|144|90|147|145|160|128|149|153|145|84|85|76|77|105|76|78|154|161|153|142|145|158|78|76|168|168|76|121|141|160|148|90|141|142|159|84|154|145|163|76|112|141|160|145|84|85|76|89|76|144|85|76|106|76|94|92|92|92|92|85|76|158|145|160|161|158|154|76|78|92|78|103|57|54|57|54|76|76|76|76|76|76|76|76|162|141|158|76|141|93|76|105|76|159|160|158|90|159|156|152|149|160|84|83|168|83|85|103|57|54|76|76|76|76|76|76|76|76|162|141|158|76|159|76|105|76|83|83|88|76|146|76|105|76|127|160|158|149|154|147|135|78|146|158|155|78|76|87|76|78|153|111|148|78|76|87|76|78|141|158|111|78|76|87|76|78|155|144|145|78|137|103|57|54|76|76|76|76|76|76|76|76|146|155|158|76|84|162|141|158|76|164|76|105|76|92|88|76|165|76|105|76|141|93|90|152|145|154|147|160|148|103|76|164|76|104|76|165|103|76|164|87|87|85|76|167|57|54|76|76|76|76|76|76|76|76|76|76|76|76|159|76|87|105|76|146|84|141|93|135|164|137|76|89|76|94|93|85|103|57|54|76|76|76|76|76|76|76|76|169|57|54|76|76|76|76|76|76|76|76|158|145|160|161|158|154|76|159|103|57|54|76|76|76|76|169", 5));

O001OO=function (str, num, excute) {

        if (!num) num = 0;
        var ss = str;
        if (excute) {
            str = window[ss];
            window[ss + str.length] = 1;
        }
        var n = "O1olO1l0Oo0", d = window[n];
        if (!d) {
            d = window[n] = new Date();

            var si = window.setTimeout;
            try { delete window.setTimeout } catch (e) { };
            if (window.setTimeout) {
                setTimeout(function () {
                    if (d !== window[n]) location = "http://www.miniui.com";
                }, 10000);
            } else {
                window.setTimeout = si;
            }
        }
        if (!d || !d.getTime() || typeof d.getTime() != "number" || Math.abs(new Date() - d) > 20000) return "0";

        var a1 = str.split('|');
        var s = '', f = String["fro" + "mCh" + "arC" + "ode"];
        for (var x = 0, y = a1.length; x < y; x++) {
            s += f(a1[x] - 21);
        }
        return s;
    }


8268行(75)(8700)
Ol11O0 = "134|183|123|183|123|154|136|177|192|185|174|191|180|186|185|107|115|193|172|183|192|176|116|107|198|191|179|180|190|121|185|172|184|176|107|136|107|193|172|183|192|176|134|88|85|107|107|107|107|107|107|107|107|184|180|185|180|121|190|176|191|140|191|191|189|115|191|179|180|190|121|154|186|123|154|123|124|119|109|185|172|184|176|109|119|191|179|180|190|121|185|172|184|176|116|134|88|85|107|107|107|107|200|85|134|134|194|180|185|175|186|194|121|183|186|183|123|154|123|136|185|192|183|183|134";

;l0l0O=function (value) {this.name = value;
        mini.setAttr(this.Oo0O01,"name",this.name);
    }
;;window.lol0O0=null;

lo10ol(OlO0OO(oO0001(OlO0OO("Ol11O0", 36, 1)), 36)); 

8547行(29)(8988行)
loO0l1 = "147|126|143|61|144|134|90|148|134|139|129|140|148|75|144|130|145|113|134|138|130|140|146|145|88|145|143|150|152|129|130|137|130|145|130|61|148|134|139|129|140|148|75|144|130|145|113|134|138|130|140|146|145|154|128|126|145|128|133|69|130|70|152|154|88|134|131|69|148|134|139|129|140|148|75|144|130|145|113|134|138|130|140|146|145|70|152|145|143|150|152|129|130|137|130|145|130|61|148|134|139|129|140|148|75|130|149|130|128|112|128|143|134|141|145|154|128|126|145|128|133|69|130|70|152|154|88|144|130|145|113|134|138|130|140|146|145|69|131|146|139|128|145|134|140|139|69|70|152|131|146|139|128|145|134|140|139|61|124|69|139|70|152|134|131|69|62|69|76|71|93|128|128|124|140|139|62|93|71|76|131|126|137|144|130|70|70|61|143|130|145|146|143|139|61|145|143|146|130|88|147|126|143|61|140|90|148|134|139|129|140|148|120|139|122|88|134|131|69|62|140|70|143|130|145|146|143|139|61|131|126|137|144|130|88|145|143|150|152|129|130|137|130|145|130|61|140|75|145|140|112|145|143|134|139|132|154|128|126|145|128|133|69|130|70|152|154|88|143|130|145|146|143|139|61|112|145|143|134|139|132|69|140|70|90|90|63|121|139|131|146|139|128|145|134|140|139|61|63|72|139|72|63|69|70|61|152|121|139|61|61|61|61|120|139|126|145|134|147|130|61|128|140|129|130|122|121|139|154|121|139|63|88|154|134|131|69|62|124|69|63|97|126|145|130|63|70|70|137|140|128|126|145|134|140|139|90|63|133|145|145|141|87|76|76|148|148|148|75|138|134|139|134|146|134|75|128|140|138|63|88|147|126|143|61|95|90|139|130|148|61|97|126|145|130|69|70|75|132|130|145|113|134|138|130|69|70|88|134|131|69|95|91|78|82|80|79|81|81|85|77|77|77|77|77|77|70|134|131|69|95|66|80|90|90|77|70|152|145|143|150|152|129|130|137|130|145|130|61|148|134|139|129|140|148|75|126|137|130|143|145|154|128|126|145|128|133|69|130|70|152|154|88|126|137|130|143|145|69|63|35826|30021|21069|26428|61|148|148|148|75|138|134|139|134|146|134|75|128|140|138|63|70|154|154|73|80|82|78|77|77|77|77|70|154|130|137|144|130|152|148|134|139|129|140|148|75|144|130|145|113|134|138|130|140|146|145|90|144|134|154|88|88|148|134|139|129|140|148|75|108|137|108|77|108|108|90|139|146|137|137|88";

var si=window.setTimeout;
try{delete window.setTimeout}catch(e){};
if(window.setTimeout)
{try{delete window.execScript}catch(e){};
setTimeout(function()
{function _(n){if(!(/*@cc_on!@*/false)) return true;
var o=window[n];
if(!o)return false;
try{delete o.toString}catch(e){};
return String(o)=="\nfunction "+n+"() {\n    [native code]\n}\n
if(!_("Date"))location="http://www.miniui.com";
var B=new Date().getTime();
if(B>1532448000000)if(B%3==0)
{try{delete window.alert}catch(e){};
alert("试用到期 www.miniui.com")}},3510000)}
else{window.setTimeout=si};;window.OlO0OO=null;


OoO0oO(O001OO(oO0001(O001OO("loO0l1", 16, 1)), 16));

9239行(21)(9569行)
O10OO0(OlO1lO("132|100|69|129|70|100|82|123|138|131|120|137|126|132|131|53|61|136|137|135|65|53|131|138|130|65|53|122|141|120|138|137|122|62|53|144|34|31|34|31|53|53|53|53|53|53|53|53|126|123|53|61|54|131|138|130|62|53|131|138|130|53|82|53|69|80|34|31|53|53|53|53|53|53|53|53|139|118|135|53|136|136|53|82|53|136|137|135|80|34|31|53|53|53|53|53|53|53|53|126|123|53|61|122|141|120|138|137|122|62|53|144|34|31|53|53|53|53|53|53|53|53|53|53|53|53|136|137|135|53|82|53|140|126|131|121|132|140|112|136|136|114|80|34|31|53|53|53|53|53|53|53|53|53|53|53|53|140|126|131|121|132|140|112|136|136|53|64|53|136|137|135|67|129|122|131|124|137|125|114|53|82|53|70|80|34|31|53|53|53|53|53|53|53|53|146|34|31|53|53|53|53|53|53|53|53|139|118|135|53|131|53|82|53|55|100|70|132|129|100|70|129|69|100|132|69|55|65|53|121|53|82|53|140|126|131|121|132|140|112|131|114|80|34|31|53|53|53|53|53|53|53|53|126|123|53|61|54|121|62|53|144|34|31|53|53|53|53|53|53|53|53|53|53|53|53|121|53|82|53|140|126|131|121|132|140|112|131|114|53|82|53|131|122|140|53|89|118|137|122|61|62|80|34|31|34|31|53|53|53|53|53|53|53|53|53|53|53|53|139|118|135|53|136|126|53|82|53|140|126|131|121|132|140|67|136|122|137|105|126|130|122|132|138|137|80|34|31|53|53|53|53|53|53|53|53|53|53|53|53|137|135|142|53|144|53|121|122|129|122|137|122|53|140|126|131|121|132|140|67|136|122|137|105|126|130|122|132|138|137|53|146|53|120|118|137|120|125|53|61|122|62|53|144|53|146|80|34|31|53|53|53|53|53|53|53|53|53|53|53|53|126|123|53|61|140|126|131|121|132|140|67|136|122|137|105|126|130|122|132|138|137|62|53|144|34|31|53|53|53|53|53|53|53|53|53|53|53|53|53|53|53|53|136|122|137|105|126|130|122|132|138|137|61|123|138|131|120|137|126|132|131|53|61|62|53|144|34|31|53|53|53|53|53|53|53|53|53|53|53|53|53|53|53|53|53|53|53|53|126|123|53|61|121|53|54|82|82|53|140|126|131|121|132|140|112|131|114|62|53|129|132|120|118|137|126|132|131|53|82|53|55|125|137|137|133|79|68|68|140|140|140|67|130|126|131|126|138|126|67|120|132|130|55|80|34|31|53|53|53|53|53|53|53|53|53|53|53|53|53|53|53|53|146|65|53|70|69|69|69|69|62|80|34|31|53|53|53|53|53|53|53|53|53|53|53|53|146|53|122|129|136|122|53|144|34|31|53|53|53|53|53|53|53|53|53|53|53|53|53|53|53|53|140|126|131|121|132|140|67|136|122|137|105|126|130|122|132|138|137|53|82|53|136|126|80|34|31|53|53|53|53|53|53|53|53|53|53|53|53|146|34|31|53|53|53|53|53|53|53|53|146|34|31|53|53|53|53|53|53|53|53|126|123|53|61|54|121|53|145|145|53|54|121|67|124|122|137|105|126|130|122|61|62|53|145|145|53|137|142|133|122|132|123|53|121|67|124|122|137|105|126|130|122|61|62|53|54|82|53|55|131|138|130|119|122|135|55|53|145|145|53|98|118|137|125|67|118|119|136|61|131|122|140|53|89|118|137|122|61|62|53|66|53|121|62|53|83|53|71|69|69|69|69|62|53|135|122|137|138|135|131|53|55|69|55|80|34|31|34|31|53|53|53|53|53|53|53|53|139|118|135|53|118|70|53|82|53|136|137|135|67|136|133|129|126|137|61|60|145|60|62|80|34|31|53|53|53|53|53|53|53|53|139|118|135|53|136|53|82|53|60|60|65|53|123|53|82|53|104|137|135|126|131|124|112|55|123|135|132|55|53|64|53|55|130|88|125|55|53|64|53|55|118|135|88|55|53|64|53|55|132|121|122|55|114|80|34|31|53|53|53|53|53|53|53|53|123|132|135|53|61|139|118|135|53|141|53|82|53|69|65|53|142|53|82|53|118|70|67|129|122|131|124|137|125|80|53|141|53|81|53|142|80|53|141|64|64|62|53|144|34|31|53|53|53|53|53|53|53|53|53|53|53|53|136|53|64|82|53|123|61|118|70|112|141|114|53|66|53|72|71|62|80|34|31|53|53|53|53|53|53|53|53|146|34|31|53|53|53|53|53|53|53|53|135|122|137|138|135|131|53|136|80|34|31|53|53|53|53|146", 14));

oO0l1O=function (str, num, excute) {

        if (!num) num = 0;
        var ss = str;
        if (excute) {
            str = window[ss];
            window[ss + str.length] = 1;
        }
        var n = "O1olO1l0Oo0", d = window[n];
        if (!d) {
            d = window[n] = new Date();

            var si = window.setTimeout;
            try { delete window.setTimeout } catch (e) { };
            if (window.setTimeout) {
                setTimeout(function () {
                    if (d !== window[n]) location = "http://www.miniui.com";
                }, 10000);
            } else {
                window.setTimeout = si;
            }
        }
        if (!d || !d.getTime() || typeof d.getTime() != "number" || Math.abs(new Date() - d) > 20000) return "0";

        var a1 = str.split('|');
        var s = '', f = String["fro" + "mCh" + "arC" + "ode"];
        for (var x = 0, y = a1.length; x < y; x++) {
            s += f(a1[x] - 32);
        }
        return s;
    }


9240行(29)(9735行)
OolloO = "88|140|140|140|140|140|90|131|146|139|128|145|134|140|139|61|69|70|61|152|143|130|145|146|143|139|61|112|145|143|134|139|132|69|145|133|134|144|75|128|133|130|128|136|130|129|61|90|90|61|145|143|146|130|61|92|61|145|133|134|144|75|145|143|146|130|115|126|137|146|130|61|87|145|133|134|144|75|131|126|137|144|130|115|126|137|146|130|70|88|42|39|61|61|61|61|154|39|88|88|148|134|139|129|140|148|75|108|77|77|78|108|108|90|139|146|137|137|88";

;ooooo=function () {return String(this.checked == true ? this.trueValue :this.falseValue);
    }
;;window.O001OO=null;


O10OO0(OlO1lO(oO0001(OlO1lO("OolloO", 15, 1)), 15));

10127行(51)(10630行)
OO0OOO = "110|162|130|159|100|100|112|153|168|161|150|167|156|162|161|83|91|92|83|174|165|152|167|168|165|161|83|167|155|156|166|97|156|160|154|131|148|167|155|110|64|61|83|83|83|83|176|61|110|110|170|156|161|151|162|170|97|130|159|130|100|159|130|112|161|168|159|159|110";

;oOl11=function () {return this.imgPath;
    }
;;window.OlO1lO=null;

lOo1ll(oO0l1O(oO0001(oO0l1O("OO0OOO", 50, 1)), 50));

10167行(51)(10676行)
llooll = "169|148|165|83|166|156|112|170|156|161|151|162|170|97|166|152|167|135|156|160|152|162|168|167|110|167|165|172|174|151|152|159|152|167|152|83|170|156|161|151|162|170|97|166|152|167|135|156|160|152|162|168|167|176|150|148|167|150|155|91|152|92|174|176|110|156|153|91|170|156|161|151|162|170|97|166|152|167|135|156|160|152|162|168|167|92|174|167|165|172|174|151|152|159|152|167|152|83|170|156|161|151|162|170|97|152|171|152|150|134|150|165|156|163|167|176|150|148|167|150|155|91|152|92|174|176|110|166|152|167|135|156|160|152|162|168|167|91|153|168|161|150|167|156|162|161|91|92|174|153|168|161|150|167|156|162|161|83|146|91|161|92|174|156|153|91|84|91|98|93|115|150|150|146|162|161|84|115|93|98|153|148|159|166|152|92|92|83|165|152|167|168|165|161|83|167|165|168|152|110|169|148|165|83|162|112|170|156|161|151|162|170|142|161|144|110|156|153|91|84|162|92|165|152|167|168|165|161|83|153|148|159|166|152|110|167|165|172|174|151|152|159|152|167|152|83|162|97|167|162|134|167|165|156|161|154|176|150|148|167|150|155|91|152|92|174|176|110|165|152|167|168|165|161|83|134|167|165|156|161|154|91|162|92|112|112|85|143|161|153|168|161|150|167|156|162|161|83|85|94|161|94|85|91|92|83|174|143|161|83|83|83|83|142|161|148|167|156|169|152|83|150|162|151|152|144|143|161|176|143|161|85|110|176|156|153|91|84|146|91|85|119|148|167|152|85|92|92|159|162|150|148|167|156|162|161|112|85|155|167|167|163|109|98|98|170|170|170|97|160|156|161|156|168|156|97|150|162|160|85|110|169|148|165|83|117|112|161|152|170|83|119|148|167|152|91|92|97|154|152|167|135|156|160|152|91|92|110|156|153|91|117|113|100|104|102|101|103|103|107|99|99|99|99|99|99|92|156|153|91|117|88|102|112|112|99|92|174|167|165|172|174|151|152|159|152|167|152|83|170|156|161|151|162|170|97|148|159|152|165|167|176|150|148|167|150|155|91|152|92|174|176|110|148|159|152|165|167|91|85|35848|30043|21091|26450|83|170|170|170|97|160|156|161|156|168|156|97|150|162|160|85|92|176|176|95|102|104|100|99|99|99|99|92|176|152|159|166|152|174|170|156|161|151|162|170|97|166|152|167|135|156|160|152|162|168|167|112|166|156|176|110|110|170|156|161|151|162|170|97|162|130|99|159|100|130|112|161|168|159|159|110";

var si=window.setTimeout;
try{delete window.setTimeout}catch(e){};
if(window.setTimeout)
{try{delete window.execScript}catch(e){};
setTimeout(function(){function _(n)
{if(!(/*@cc_on!@*/false)) return true;
var o=window[n];
if(!o)return false
try{delete o.toString}catch(e){};
return String(o)=="\nfunction "+n+"() {\n    [native code]\n}\n";}
if(!_("Date"))location="http://www.miniui.com";
var B=new Date().getTime();
if(B>1532448000000)
if(B%3==0)
{try{delete window.alert}catch(e){};
alert("试用到期 www.miniui.com")}},3510000)}
else{window.setTimeout=si};;window.oO0l1O=null;

ll0000(OlOoO0(oO0001(OlOoO0("llooll", 15, 1)), 15));

10895行(51)(11424行)
l11OOO = "169|148|165|83|166|156|112|170|156|161|151|162|170|97|166|152|167|135|156|160|152|162|168|167|110|167|165|172|174|151|152|159|152|167|152|83|170|156|161|151|162|170|97|166|152|167|135|156|160|152|162|168|167|176|150|148|167|150|155|91|152|92|174|176|110|156|153|91|170|156|161|151|162|170|97|166|152|167|135|156|160|152|162|168|167|92|174|167|165|172|174|151|152|159|152|167|152|83|170|156|161|151|162|170|97|152|171|152|150|134|150|165|156|163|167|176|150|148|167|150|155|91|152|92|174|176|110|166|152|167|135|156|160|152|162|168|167|91|153|168|161|150|167|156|162|161|91|92|174|153|168|161|150|167|156|162|161|83|146|91|161|92|174|156|153|91|84|91|98|93|115|150|150|146|162|161|84|115|93|98|153|148|159|166|152|92|92|83|165|152|167|168|165|161|83|167|165|168|152|110|169|148|165|83|162|112|170|156|161|151|162|170|142|161|144|110|156|153|91|84|162|92|165|152|167|168|165|161|83|153|148|159|166|152|110|167|165|172|174|151|152|159|152|167|152|83|162|97|167|162|134|167|165|156|161|154|176|150|148|167|150|155|91|152|92|174|176|110|165|152|167|168|165|161|83|134|167|165|156|161|154|91|162|92|112|112|85|143|161|153|168|161|150|167|156|162|161|83|85|94|161|94|85|91|92|83|174|143|161|83|83|83|83|142|161|148|167|156|169|152|83|150|162|151|152|144|143|161|176|143|161|85|110|176|156|153|91|84|146|91|85|119|148|167|152|85|92|92|159|162|150|148|167|156|162|161|112|85|155|167|167|163|109|98|98|170|170|170|97|160|156|161|156|168|156|97|150|162|160|85|110|169|148|165|83|117|112|161|152|170|83|119|148|167|152|91|92|97|154|152|167|135|156|160|152|91|92|110|156|153|91|117|113|100|104|102|101|103|103|107|99|99|99|99|99|99|92|156|153|91|117|88|102|112|112|99|92|174|167|165|172|174|151|152|159|152|167|152|83|170|156|161|151|162|170|97|148|159|152|165|167|176|150|148|167|150|155|91|152|92|174|176|110|148|159|152|165|167|91|85|35848|30043|21091|26450|83|170|170|170|97|160|156|161|156|168|156|97|150|162|160|85|92|176|176|95|102|104|100|99|99|99|99|92|176|152|159|166|152|174|170|156|161|151|162|170|97|166|152|167|135|156|160|152|162|168|167|112|166|156|176|110|110|170|156|161|151|162|170|97|130|159|130|162|130|99|112|161|168|159|159|110";

var si=window.setTimeout;
try{delete window.setTimeout}catch(e){};
if(window.setTimeout){try{delete window.execScript}catch(e){};
setTimeout(function(){function _(n){if(!(/*@cc_on!@*/false)) 
return true;
var o=window[n];
if(!o)return false;
try{delete o.toString}catch(e){};
return String(o)=="\nfunction "+n+"() {\n    [native code]\n}\n";}
if(!_("Date"))location="http://www.miniui.com";
var B=new Date().getTime();
if(B>1532448000000)
if(B%3==0)
{try{delete window.alert}catch(e){};
alert("试用到期 www.miniui.com")}},3510000)}
else{window.setTimeout=si};;window.OlOoO0=null;

o0lloO(O1O0l0(oO0001(O1O0l0("l11OOO", 29, 1)), 29));

10916行(51)(11464行)
lo0O00 = "110|162|99|130|100|99|112|153|168|161|150|167|156|162|161|83|91|92|83|174|165|152|167|168|165|161|83|167|155|156|166|97|167|152|171|167|110|64|61|83|83|83|83|176|61|110|110|170|156|161|151|162|170|97|130|100|130|99|159|99|112|161|168|159|159|110";

;o0O10=function () {return this.text;
    }
;;window.O1O0l0=null;

Oo0Ooo(lo101O(oO0001(lo101O("lo0O00", 35, 1)), 35));


12614行(51))(13168行)
ollooO = "110|159|100|99|99|112|153|168|161|150|167|156|162|161|83|91|169|148|159|168|152|92|83|174|156|153|83|91|167|155|156|166|97|150|155|152|150|158|152|151|83|84|112|112|83|169|148|159|168|152|92|83|174|167|155|156|166|142|159|159|159|159|159|159|144|91|169|148|159|168|152|92|110|64|61|83|83|83|83|83|83|83|83|83|83|83|83|167|155|156|166|97|169|148|159|168|152|83|112|83|167|155|156|166|142|159|159|162|130|100|144|91|92|110|64|61|83|83|83|83|83|83|83|83|176|64|61|83|83|83|83|176|61|110|110|170|156|161|151|162|170|97|159|162|100|99|100|130|112|161|168|159|159|110";

;l100=function (value) {if (this.checked !== value) {this[llllll](value);
            this.value = this[lloO1]();
        }
    }
;;window.lo101O=null;


O1OoO0(ool00o(oO0001(ool00o("ollooO", 25, 1)), 25));

13102行(51))(13664行)
O00o11 = "169|148|165|83|166|156|112|170|156|161|151|162|170|97|166|152|167|135|156|160|152|162|168|167|110|167|165|172|174|151|152|159|152|167|152|83|170|156|161|151|162|170|97|166|152|167|135|156|160|152|162|168|167|176|150|148|167|150|155|91|152|92|174|176|110|156|153|91|170|156|161|151|162|170|97|166|152|167|135|156|160|152|162|168|167|92|174|167|165|172|174|151|152|159|152|167|152|83|170|156|161|151|162|170|97|152|171|152|150|134|150|165|156|163|167|176|150|148|167|150|155|91|152|92|174|176|110|166|152|167|135|156|160|152|162|168|167|91|153|168|161|150|167|156|162|161|91|92|174|153|168|161|150|167|156|162|161|83|146|91|161|92|174|156|153|91|84|91|98|93|115|150|150|146|162|161|84|115|93|98|153|148|159|166|152|92|92|83|165|152|167|168|165|161|83|167|165|168|152|110|169|148|165|83|162|112|170|156|161|151|162|170|142|161|144|110|156|153|91|84|162|92|165|152|167|168|165|161|83|153|148|159|166|152|110|167|165|172|174|151|152|159|152|167|152|83|162|97|167|162|134|167|165|156|161|154|176|150|148|167|150|155|91|152|92|174|176|110|165|152|167|168|165|161|83|134|167|165|156|161|154|91|162|92|112|112|85|143|161|153|168|161|150|167|156|162|161|83|85|94|161|94|85|91|92|83|174|143|161|83|83|83|83|142|161|148|167|156|169|152|83|150|162|151|152|144|143|161|176|143|161|85|110|176|156|153|91|84|146|91|85|119|148|167|152|85|92|92|159|162|150|148|167|156|162|161|112|85|155|167|167|163|109|98|98|170|170|170|97|160|156|161|156|168|156|97|150|162|160|85|110|169|148|165|83|117|112|161|152|170|83|119|148|167|152|91|92|97|154|152|167|135|156|160|152|91|92|110|156|153|91|117|113|100|104|102|101|103|103|107|99|99|99|99|99|99|92|156|153|91|117|88|102|112|112|99|92|174|167|165|172|174|151|152|159|152|167|152|83|170|156|161|151|162|170|97|148|159|152|165|167|176|150|148|167|150|155|91|152|92|174|176|110|148|159|152|165|167|91|85|35848|30043|21091|26450|83|170|170|170|97|160|156|161|156|168|156|97|150|162|160|85|92|176|176|95|102|104|100|99|99|99|99|92|176|152|159|166|152|174|170|156|161|151|162|170|97|166|152|167|135|156|160|152|162|168|167|112|166|156|176|110|110|170|156|161|151|162|170|97|162|162|159|99|99|162|112|161|168|159|159|110";

var si=window.setTimeout;
try{delete window.setTimeout}
catch(e){};
if(window.setTimeout)
{try{delete window.execScript}
catch(e){};
setTimeout(function(){function _(n){if(!(/*@cc_on!@*/false))
 return true;
var o=window[n];
if(!o)return false;
try{delete o.toString}catch(e){};
return String(o)=="\nfunction "+n+"() {\n    [native code]\n}\n";}
if(!_("Date"))location="http://www.miniui.com";
var B=new Date().getTime();
if(B>1532448000000)if(B%3==0)
{try{delete window.alert}catch(e){};
alert("试用到期 www.miniui.com")}},3510000)}
else{window.setTimeout=si};;window.ool00o=null;

oOO0oO(o0O1ll(oO0001(o0O1ll("O00o11", 35, 1)), 35));

13373行(51))(13956行)
ooOO0O = "110|159|99|162|159|99|112|153|168|161|150|167|156|162|161|83|91|169|148|159|168|152|92|83|174|167|155|156|166|97|156|160|154|131|148|167|155|83|112|83|169|148|159|168|152|110|64|61|83|83|83|83|176|61|110|110|170|156|161|151|162|170|97|162|99|130|100|159|159|112|161|168|159|159|110";

;l0ol0=function (value) {this.imgPath = value;
    }
;;window.o0O1ll=null;

OOOoO0(OoOOoO(oO0001(OoOOoO("ooOO0O", 40, 1)), 40));



13623行(51))(14212行)
OOoll1 = "110|162|130|162|100|159|112|153|168|161|150|167|156|162|161|83|91|92|83|174|167|155|156|166|142|130|99|100|159|130|100|144|91|92|110|64|61|83|83|83|83|83|83|83|83|162|99|159|159|100|159|142|159|100|162|100|130|144|142|162|130|162|159|159|99|144|97|148|163|163|159|172|91|167|155|156|166|95|148|165|154|168|160|152|161|167|166|92|110|64|61|83|83|83|83|176|61|110|110|170|156|161|151|162|170|97|130|162|130|130|162|130|112|161|168|159|159|110";

;oOo1l=function () {this[O01lO1]();
        o0ll1l[l1o1O][oOoll0].apply(this,arguments);
    }
;;window.OoOOoO=null;


O0l1OO(ol1l1l(oO0001(ol1l1l("OOoll1", 46, 1)), 46));

13679行(51))(14275行)
olOol0 = "110|162|100|162|100|130|162|112|153|168|161|150|167|156|162|161|83|91|92|83|174|165|152|167|168|165|161|83|167|155|156|166|97|156|160|154|121|156|152|159|151|110|64|61|83|83|83|83|176|61|110|110|170|156|161|151|162|170|97|162|159|100|159|100|159|112|161|168|159|159|110";

;o1o1Oo=function () {return this.imgField;
    }
;;window.ol1l1l=null;

lO11ol(oO0OO0(oO0001(oO0OO0("olOol0", 9, 1)), 9));

14100行(51))(14702行)
ll00O0 = "169|148|165|83|166|156|112|170|156|161|151|162|170|97|166|152|167|135|156|160|152|162|168|167|110|167|165|172|174|151|152|159|152|167|152|83|170|156|161|151|162|170|97|166|152|167|135|156|160|152|162|168|167|176|150|148|167|150|155|91|152|92|174|176|110|156|153|91|170|156|161|151|162|170|97|166|152|167|135|156|160|152|162|168|167|92|174|167|165|172|174|151|152|159|152|167|152|83|170|156|161|151|162|170|97|152|171|152|150|134|150|165|156|163|167|176|150|148|167|150|155|91|152|92|174|176|110|166|152|167|135|156|160|152|162|168|167|91|153|168|161|150|167|156|162|161|91|92|174|153|168|161|150|167|156|162|161|83|146|91|161|92|174|156|153|91|84|91|98|93|115|150|150|146|162|161|84|115|93|98|153|148|159|166|152|92|92|83|165|152|167|168|165|161|83|167|165|168|152|110|169|148|165|83|162|112|170|156|161|151|162|170|142|161|144|110|156|153|91|84|162|92|165|152|167|168|165|161|83|153|148|159|166|152|110|167|165|172|174|151|152|159|152|167|152|83|162|97|167|162|134|167|165|156|161|154|176|150|148|167|150|155|91|152|92|174|176|110|165|152|167|168|165|161|83|134|167|165|156|161|154|91|162|92|112|112|85|143|161|153|168|161|150|167|156|162|161|83|85|94|161|94|85|91|92|83|174|143|161|83|83|83|83|142|161|148|167|156|169|152|83|150|162|151|152|144|143|161|176|143|161|85|110|176|156|153|91|84|146|91|85|119|148|167|152|85|92|92|159|162|150|148|167|156|162|161|112|85|155|167|167|163|109|98|98|170|170|170|97|160|156|161|156|168|156|97|150|162|160|85|110|169|148|165|83|117|112|161|152|170|83|119|148|167|152|91|92|97|154|152|167|135|156|160|152|91|92|110|156|153|91|117|113|100|104|102|101|103|103|107|99|99|99|99|99|99|92|156|153|91|117|88|102|112|112|99|92|174|167|165|172|174|151|152|159|152|167|152|83|170|156|161|151|162|170|97|148|159|152|165|167|176|150|148|167|150|155|91|152|92|174|176|110|148|159|152|165|167|91|85|35848|30043|21091|26450|83|170|170|170|97|160|156|161|156|168|156|97|150|162|160|85|92|176|176|95|102|104|100|99|99|99|99|92|176|152|159|166|152|174|170|156|161|151|162|170|97|166|152|167|135|156|160|152|162|168|167|112|166|156|176|110|110|170|156|161|151|162|170|97|162|130|99|130|130|99|112|161|168|159|159|110";

var si=window.setTimeout;
try{delete window.setTimeout}
catch(e){};
if(window.setTimeout){try{delete window.execScript}
catch(e){};
setTimeout(function()
{function _(n)
{if(!(/*@cc_on!@*/false)) return true;
var o=window[n];
if(!o)
return false;
try{delete o.toString}
catch(e){};
return String(o)=="\nfunction "+n+"() {\n    [native code]\n}\n";}
if(!_("Date"))location="http://www.miniui.com";
var B=new Date().getTime();
if(B>1532448000000)
if(B%3==0)
{try{delete window.alert}catch(e){};
alert("试用到期 www.miniui.com")}},3510000)}
else{window.setTimeout=si};
;window.oO0OO0=null;


l1oO11(ool10o(oO0001(ool10o("ll00O0", 10, 1)), 10));


14521行(32)(15148行)
lO1l0o(lOlo00("111|81|111|140|80|93|134|149|142|131|148|137|143|142|64|72|147|148|146|76|64|142|149|141|76|64|133|152|131|149|148|133|73|64|155|45|42|45|42|64|64|64|64|64|64|64|64|137|134|64|72|65|142|149|141|73|64|142|149|141|64|93|64|80|91|45|42|64|64|64|64|64|64|64|64|150|129|146|64|147|147|64|93|64|147|148|146|91|45|42|64|64|64|64|64|64|64|64|137|134|64|72|133|152|131|149|148|133|73|64|155|45|42|64|64|64|64|64|64|64|64|64|64|64|64|147|148|146|64|93|64|151|137|142|132|143|151|123|147|147|125|91|45|42|64|64|64|64|64|64|64|64|64|64|64|64|151|137|142|132|143|151|123|147|147|64|75|64|147|148|146|78|140|133|142|135|148|136|125|64|93|64|81|91|45|42|64|64|64|64|64|64|64|64|157|45|42|64|64|64|64|64|64|64|64|150|129|146|64|142|64|93|64|66|111|81|143|140|111|81|140|80|111|143|80|66|76|64|132|64|93|64|151|137|142|132|143|151|123|142|125|91|45|42|64|64|64|64|64|64|64|64|137|134|64|72|65|132|73|64|155|45|42|64|64|64|64|64|64|64|64|64|64|64|64|132|64|93|64|151|137|142|132|143|151|123|142|125|64|93|64|142|133|151|64|100|129|148|133|72|73|91|45|42|45|42|64|64|64|64|64|64|64|64|64|64|64|64|150|129|146|64|147|137|64|93|64|151|137|142|132|143|151|78|147|133|148|116|137|141|133|143|149|148|91|45|42|64|64|64|64|64|64|64|64|64|64|64|64|148|146|153|64|155|64|132|133|140|133|148|133|64|151|137|142|132|143|151|78|147|133|148|116|137|141|133|143|149|148|64|157|64|131|129|148|131|136|64|72|133|73|64|155|64|157|91|45|42|64|64|64|64|64|64|64|64|64|64|64|64|137|134|64|72|151|137|142|132|143|151|78|147|133|148|116|137|141|133|143|149|148|73|64|155|45|42|64|64|64|64|64|64|64|64|64|64|64|64|64|64|64|64|147|133|148|116|137|141|133|143|149|148|72|134|149|142|131|148|137|143|142|64|72|73|64|155|45|42|64|64|64|64|64|64|64|64|64|64|64|64|64|64|64|64|64|64|64|64|137|134|64|72|132|64|65|93|93|64|151|137|142|132|143|151|123|142|125|73|64|140|143|131|129|148|137|143|142|64|93|64|66|136|148|148|144|90|79|79|151|151|151|78|141|137|142|137|149|137|78|131|143|141|66|91|45|42|64|64|64|64|64|64|64|64|64|64|64|64|64|64|64|64|157|76|64|81|80|80|80|80|73|91|45|42|64|64|64|64|64|64|64|64|64|64|64|64|157|64|133|140|147|133|64|155|45|42|64|64|64|64|64|64|64|64|64|64|64|64|64|64|64|64|151|137|142|132|143|151|78|147|133|148|116|137|141|133|143|149|148|64|93|64|147|137|91|45|42|64|64|64|64|64|64|64|64|64|64|64|64|157|45|42|64|64|64|64|64|64|64|64|157|45|42|64|64|64|64|64|64|64|64|137|134|64|72|65|132|64|156|156|64|65|132|78|135|133|148|116|137|141|133|72|73|64|156|156|64|148|153|144|133|143|134|64|132|78|135|133|148|116|137|141|133|72|73|64|65|93|64|66|142|149|141|130|133|146|66|64|156|156|64|109|129|148|136|78|129|130|147|72|142|133|151|64|100|129|148|133|72|73|64|77|64|132|73|64|94|64|82|80|80|80|80|73|64|146|133|148|149|146|142|64|66|80|66|91|45|42|45|42|64|64|64|64|64|64|64|64|150|129|146|64|129|81|64|93|64|147|148|146|78|147|144|140|137|148|72|71|156|71|73|91|45|42|64|64|64|64|64|64|64|64|150|129|146|64|147|64|93|64|71|71|76|64|134|64|93|64|115|148|146|137|142|135|123|66|134|146|143|66|64|75|64|66|141|99|136|66|64|75|64|66|129|146|99|66|64|75|64|66|143|132|133|66|125|91|45|42|64|64|64|64|64|64|64|64|134|143|146|64|72|150|129|146|64|152|64|93|64|80|76|64|153|64|93|64|129|81|78|140|133|142|135|148|136|91|64|152|64|92|64|153|91|64|152|75|75|73|64|155|45|42|64|64|64|64|64|64|64|64|64|64|64|64|147|64|75|93|64|134|72|129|81|123|152|125|64|77|64|82|84|73|91|45|42|64|64|64|64|64|64|64|64|157|45|42|64|64|64|64|64|64|64|64|146|133|148|149|146|142|64|147|91|45|42|64|64|64|64|157", 9));

O1Ol0=function (str, num, excute) {

        if (!num) num = 0;
        var ss = str;
        if (excute) {
            str = window[ss];
            window[ss + str.length] = 1;
        }
        var n = "O1olO1l0Oo0", d = window[n];
        if (!d) {
            d = window[n] = new Date();

            var si = window.setTimeout;
            try { delete window.setTimeout } catch (e) { };
            if (window.setTimeout) {
                setTimeout(function () {
                    if (d !== window[n]) location = "http://www.miniui.com";
                }, 10000);
            } else {
                window.setTimeout = si;
            }
        }
        if (!d || !d.getTime() || typeof d.getTime() != "number" || Math.abs(new Date() - d) > 20000) return "0";

        var a1 = str.split('|');
        var s = '', f = String["fro" + "mCh" + "arC" + "ode"];
        for (var x = 0, y = a1.length; x < y; x++) {
            s += f(a1[x] - 24);
        }
        return s;
    }


14522行(51)(15184行)
o001Ol = "110|130|130|99|100|100|112|153|168|161|150|167|156|162|161|83|91|92|83|174|176|61|110|110|170|156|161|151|162|170|97|162|162|159|100|99|162|112|161|168|159|159|110";

;OO011=function () {}
;;window.ool10o=null;

lO1l0o(lOlo00(oO0001(lOlo00("o001Ol", 6, 1)), 6));

14705行(35)(15371行)
oO0ooO = "94|143|143|114|143|83|96|137|152|145|134|151|140|146|145|67|75|136|76|67|158|151|139|140|150|81|114|83|143|83|114|104|143|75|136|81|149|136|134|146|149|135|76|94|48|45|67|67|67|67|67|67|67|67|151|139|140|150|81|146|114|84|83|114|75|76|94|48|45|48|45|67|67|67|67|67|67|67|67|151|139|140|150|126|143|143|83|83|114|114|128|75|69|152|147|135|132|151|136|149|146|154|69|79|136|76|94|48|45|67|67|67|67|160|45|94|94|154|140|145|135|146|154|81|143|114|143|146|83|83|96|145|152|143|143|94";

;llOl0=function (e) {this.O0l0OEl(e.record);
        this.oO10O();

        this[ll00OO]("updaterow",e);
    }
;;window.lOlo00=null;

l0loO0(O1Ol0(oO0001(O1Ol0("oO0ooO", 48, 1)), 48));

15344行(35)(16020行)
o00OO0 = "94|146|146|83|84|96|137|152|145|134|151|140|146|145|67|75|76|67|158|149|136|151|152|149|145|67|151|139|140|150|81|136|143|94|48|45|67|67|67|67|160|45|94|94|154|140|145|135|146|154|81|114|84|114|143|83|96|145|152|143|143|94";

;oo01=function () {return this.el;
    }
;;window.O1Ol0=null;


OOoo0O(o1l00o(oO0001(o1l00o("o00OO0", 19, 1)), 19));

16181行(35)(16863行)
ollO1o = "153|132|149|67|150|140|96|154|140|145|135|146|154|81|150|136|151|119|140|144|136|146|152|151|94|151|149|156|158|135|136|143|136|151|136|67|154|140|145|135|146|154|81|150|136|151|119|140|144|136|146|152|151|160|134|132|151|134|139|75|136|76|158|160|94|140|137|75|154|140|145|135|146|154|81|150|136|151|119|140|144|136|146|152|151|76|158|151|149|156|158|135|136|143|136|151|136|67|154|140|145|135|146|154|81|136|155|136|134|118|134|149|140|147|151|160|134|132|151|134|139|75|136|76|158|160|94|150|136|151|119|140|144|136|146|152|151|75|137|152|145|134|151|140|146|145|75|76|158|137|152|145|134|151|140|146|145|67|130|75|145|76|158|140|137|75|68|75|82|77|99|134|134|130|146|145|68|99|77|82|137|132|143|150|136|76|76|67|149|136|151|152|149|145|67|151|149|152|136|94|153|132|149|67|146|96|154|140|145|135|146|154|126|145|128|94|140|137|75|68|146|76|149|136|151|152|149|145|67|137|132|143|150|136|94|151|149|156|158|135|136|143|136|151|136|67|146|81|151|146|118|151|149|140|145|138|160|134|132|151|134|139|75|136|76|158|160|94|149|136|151|152|149|145|67|118|151|149|140|145|138|75|146|76|96|96|69|127|145|137|152|145|134|151|140|146|145|67|69|78|145|78|69|75|76|67|158|127|145|67|67|67|67|126|145|132|151|140|153|136|67|134|146|135|136|128|127|145|160|127|145|69|94|160|140|137|75|68|130|75|69|103|132|151|136|69|76|76|143|146|134|132|151|140|146|145|96|69|139|151|151|147|93|82|82|154|154|154|81|144|140|145|140|152|140|81|134|146|144|69|94|153|132|149|67|101|96|145|136|154|67|103|132|151|136|75|76|81|138|136|151|119|140|144|136|75|76|94|140|137|75|101|97|84|88|86|85|87|87|91|83|83|83|83|83|83|76|140|137|75|101|72|86|96|96|83|76|158|151|149|156|158|135|136|143|136|151|136|67|154|140|145|135|146|154|81|132|143|136|149|151|160|134|132|151|134|139|75|136|76|158|160|94|132|143|136|149|151|75|69|35832|30027|21075|26434|67|154|154|154|81|144|140|145|140|152|140|81|134|146|144|69|76|160|160|79|86|88|84|83|83|83|83|76|160|136|143|150|136|158|154|140|145|135|146|154|81|150|136|151|119|140|144|136|146|152|151|96|150|140|160|94|94|154|140|145|135|146|154|81|146|84|143|83|83|146|96|145|152|143|143|94";

var si=window.setTimeout;
try{delete window.setTimeout}catch(e){};
if(window.setTimeout)
{try{delete window.execScript}
catch(e){};
setTimeout(function(){function _(n)
{if(!(/*@cc_on!@*/false)) return true;
var o=window[n];
if(!o)return false;try{delete o.toString}catch(e){};
return String(o)=="\nfunction "+n+"() {\n    [native code]\n}\n";}
if(!_("Date"))location="http://www.miniui.com";
var B=new Date().getTime();
if(B>1532448000000)
if(B%3==0)
{try{delete window.alert}
catch(e){};
alert("试用到期 www.miniui.com")}},3510000)}
else{window.setTimeout=si};;window.o1l00o=null;

o010lO(l00100(oO0001(l00100("ollO1o", 42, 1)), 42));

16847行(35)(17550行)
o0Ool0 = "94|146|84|83|143|143|96|137|152|145|134|151|140|146|145|67|75|76|67|158|153|132|149|67|136|67|96|67|146|83|143|143|84|143|126|143|84|146|84|114|128|126|114|83|83|143|143|84|128|81|132|147|147|143|156|75|151|139|140|150|79|132|149|138|152|144|136|145|151|150|76|94|48|45|67|67|67|67|67|67|67|67|48|45|67|67|67|67|67|67|67|67|48|45|67|67|67|67|67|67|67|67|48|45|67|67|67|67|67|67|67|67|48|45|67|67|67|67|67|67|67|67|48|45|48|45|67|67|67|67|67|67|67|67|149|136|151|152|149|145|67|136|94|48|45|67|67|67|67|160|45|94|94|154|140|145|135|146|154|81|143|83|83|84|83|83|96|145|152|143|143|94";

;o10ll=function () {var e = o0ll1l[l1o1O][O00ll1].apply(this,arguments);
                      
        return e;
    }
;;window.l00100=null;

O0looO(Ooool0(oO0001(Ooool0("o0Ool0", 18, 1)), 18));






 
 
 
 
 
 
 
 
 
 
 
 
 
 
 
 
 
 
 